2.501690000000000055e+03 0.000000000000000000e+00
2.505079999999999927e+03 0.000000000000000000e+00
2.508480000000000018e+03 0.000000000000000000e+00
2.511869999999999891e+03 0.000000000000000000e+00
2.515280000000000200e+03 0.000000000000000000e+00
2.518690000000000055e+03 0.000000000000000000e+00
2.522099999999999909e+03 0.000000000000000000e+00
2.525510000000000218e+03 0.000000000000000000e+00
2.528940000000000055e+03 0.000000000000000000e+00
2.532360000000000127e+03 0.000000000000000000e+00
2.535789999999999964e+03 0.000000000000000000e+00
2.539230000000000018e+03 0.000000000000000000e+00
2.542670000000000073e+03 0.000000000000000000e+00
2.546110000000000127e+03 0.000000000000000000e+00
2.549559999999999945e+03 0.000000000000000000e+00
2.553010000000000218e+03 0.000000000000000000e+00
2.556469999999999800e+03 0.000000000000000000e+00
2.559940000000000055e+03 0.000000000000000000e+00
2.563400000000000091e+03 0.000000000000000000e+00
2.566880000000000109e+03 0.000000000000000000e+00
2.570349999999999909e+03 0.000000000000000000e+00
2.573840000000000146e+03 0.000000000000000000e+00
2.577320000000000164e+03 0.000000000000000000e+00
2.580820000000000164e+03 0.000000000000000000e+00
2.584309999999999945e+03 0.000000000000000000e+00
2.587809999999999945e+03 0.000000000000000000e+00
2.591320000000000164e+03 0.000000000000000000e+00
2.594829999999999927e+03 0.000000000000000000e+00
2.598340000000000146e+03 0.000000000000000000e+00
2.601860000000000127e+03 0.000000000000000000e+00
2.605389999999999873e+03 0.000000000000000000e+00
2.608920000000000073e+03 0.000000000000000000e+00
2.612449999999999818e+03 0.000000000000000000e+00
2.615989999999999782e+03 0.000000000000000000e+00
2.619539999999999964e+03 0.000000000000000000e+00
2.623079999999999927e+03 0.000000000000000000e+00
2.626639999999999873e+03 0.000000000000000000e+00
2.630199999999999818e+03 0.000000000000000000e+00
2.633760000000000218e+03 0.000000000000000000e+00
2.637329999999999927e+03 0.000000000000000000e+00
2.640900000000000091e+03 0.000000000000000000e+00
2.644480000000000018e+03 0.000000000000000000e+00
2.648059999999999945e+03 0.000000000000000000e+00
2.651650000000000091e+03 0.000000000000000000e+00
2.655239999999999782e+03 0.000000000000000000e+00
2.658840000000000146e+03 0.000000000000000000e+00
2.662440000000000055e+03 0.000000000000000000e+00
2.666050000000000182e+03 0.000000000000000000e+00
2.669659999999999854e+03 0.000000000000000000e+00
2.673269999999999982e+03 0.000000000000000000e+00
2.676900000000000091e+03 0.000000000000000000e+00
2.680519999999999982e+03 0.000000000000000000e+00
2.684150000000000091e+03 0.000000000000000000e+00
2.687789999999999964e+03 0.000000000000000000e+00
2.691429999999999836e+03 0.000000000000000000e+00
2.695079999999999927e+03 0.000000000000000000e+00
2.698730000000000018e+03 0.000000000000000000e+00
2.702380000000000109e+03 0.000000000000000000e+00
2.706050000000000182e+03 0.000000000000000000e+00
2.709710000000000036e+03 0.000000000000000000e+00
2.713380000000000109e+03 0.000000000000000000e+00
2.717059999999999945e+03 0.000000000000000000e+00
2.720739999999999782e+03 0.000000000000000000e+00
2.724429999999999836e+03 0.000000000000000000e+00
2.728119999999999891e+03 0.000000000000000000e+00
2.731809999999999945e+03 0.000000000000000000e+00
2.735510000000000218e+03 0.000000000000000000e+00
2.739219999999999800e+03 0.000000000000000000e+00
2.742929999999999836e+03 0.000000000000000000e+00
2.746650000000000091e+03 0.000000000000000000e+00
2.750369999999999891e+03 0.000000000000000000e+00
2.754090000000000146e+03 0.000000000000000000e+00
2.757820000000000164e+03 0.000000000000000000e+00
2.761559999999999945e+03 0.000000000000000000e+00
2.765300000000000182e+03 0.000000000000000000e+00
2.769050000000000182e+03 0.000000000000000000e+00
2.772800000000000182e+03 0.000000000000000000e+00
2.776550000000000182e+03 0.000000000000000000e+00
2.780320000000000164e+03 0.000000000000000000e+00
2.784079999999999927e+03 0.000000000000000000e+00
2.787849999999999909e+03 0.000000000000000000e+00
2.791630000000000109e+03 0.000000000000000000e+00
2.795409999999999854e+03 0.000000000000000000e+00
2.799199999999999818e+03 0.000000000000000000e+00
2.802989999999999782e+03 0.000000000000000000e+00
2.806789999999999964e+03 0.000000000000000000e+00
2.810590000000000146e+03 0.000000000000000000e+00
2.814400000000000091e+03 0.000000000000000000e+00
2.818210000000000036e+03 0.000000000000000000e+00
2.822030000000000200e+03 0.000000000000000000e+00
2.825849999999999909e+03 0.000000000000000000e+00
2.829679999999999836e+03 0.000000000000000000e+00
2.833510000000000218e+03 0.000000000000000000e+00
2.837349999999999909e+03 0.000000000000000000e+00
2.841199999999999818e+03 0.000000000000000000e+00
2.845050000000000182e+03 0.000000000000000000e+00
2.848900000000000091e+03 0.000000000000000000e+00
2.852760000000000218e+03 0.000000000000000000e+00
2.856619999999999891e+03 0.000000000000000000e+00
2.860489999999999782e+03 0.000000000000000000e+00
2.864369999999999891e+03 0.000000000000000000e+00
2.868250000000000000e+03 0.000000000000000000e+00
2.872139999999999873e+03 0.000000000000000000e+00
2.876030000000000200e+03 0.000000000000000000e+00
2.879920000000000073e+03 0.000000000000000000e+00
2.883820000000000164e+03 0.000000000000000000e+00
2.887730000000000018e+03 0.000000000000000000e+00
2.891639999999999873e+03 0.000000000000000000e+00
2.895559999999999945e+03 0.000000000000000000e+00
2.899480000000000018e+03 0.000000000000000000e+00
2.903409999999999854e+03 0.000000000000000000e+00
2.907340000000000146e+03 0.000000000000000000e+00
2.911280000000000200e+03 0.000000000000000000e+00
2.915230000000000018e+03 0.000000000000000000e+00
2.919179999999999836e+03 0.000000000000000000e+00
2.923130000000000109e+03 0.000000000000000000e+00
2.927090000000000146e+03 0.000000000000000000e+00
2.931059999999999945e+03 0.000000000000000000e+00
2.935030000000000200e+03 0.000000000000000000e+00
2.939000000000000000e+03 0.000000000000000000e+00
2.942980000000000018e+03 0.000000000000000000e+00
2.946969999999999800e+03 0.000000000000000000e+00
2.950960000000000036e+03 0.000000000000000000e+00
2.954960000000000036e+03 0.000000000000000000e+00
2.958960000000000036e+03 0.000000000000000000e+00
2.962969999999999800e+03 0.000000000000000000e+00
2.966989999999999782e+03 0.000000000000000000e+00
2.971010000000000218e+03 0.000000000000000000e+00
2.975030000000000200e+03 0.000000000000000000e+00
2.979059999999999945e+03 0.000000000000000000e+00
2.983099999999999909e+03 0.000000000000000000e+00
2.987139999999999873e+03 0.000000000000000000e+00
2.991190000000000055e+03 0.000000000000000000e+00
2.995239999999999782e+03 0.000000000000000000e+00
2.999300000000000182e+03 0.000000000000000000e+00
3.003360000000000127e+03 0.000000000000000000e+00
3.007429999999999836e+03 0.000000000000000000e+00
3.011500000000000000e+03 0.000000000000000000e+00
3.015579999999999927e+03 0.000000000000000000e+00
3.019670000000000073e+03 0.000000000000000000e+00
3.023760000000000218e+03 0.000000000000000000e+00
3.027849999999999909e+03 0.000000000000000000e+00
3.031960000000000036e+03 0.000000000000000000e+00
3.036059999999999945e+03 0.000000000000000000e+00
3.040179999999999836e+03 0.000000000000000000e+00
3.044289999999999964e+03 0.000000000000000000e+00
3.048420000000000073e+03 0.000000000000000000e+00
3.052550000000000182e+03 0.000000000000000000e+00
3.056679999999999836e+03 0.000000000000000000e+00
3.060829999999999927e+03 0.000000000000000000e+00
3.064969999999999800e+03 0.000000000000000000e+00
3.069119999999999891e+03 0.000000000000000000e+00
3.073280000000000200e+03 0.000000000000000000e+00
3.077449999999999818e+03 0.000000000000000000e+00
3.081610000000000127e+03 0.000000000000000000e+00
3.085789999999999964e+03 0.000000000000000000e+00
3.089969999999999800e+03 0.000000000000000000e+00
3.094159999999999854e+03 0.000000000000000000e+00
3.098349999999999909e+03 0.000000000000000000e+00
3.102539999999999964e+03 0.000000000000000000e+00
3.106750000000000000e+03 0.000000000000000000e+00
3.110960000000000036e+03 0.000000000000000000e+00
3.115170000000000073e+03 0.000000000000000000e+00
3.119389999999999873e+03 0.000000000000000000e+00
3.123619999999999891e+03 0.000000000000000000e+00
3.127849999999999909e+03 0.000000000000000000e+00
3.132090000000000146e+03 0.000000000000000000e+00
3.136329999999999927e+03 0.000000000000000000e+00
3.140579999999999927e+03 0.000000000000000000e+00
3.144829999999999927e+03 0.000000000000000000e+00
3.149090000000000146e+03 0.000000000000000000e+00
3.153360000000000127e+03 0.000000000000000000e+00
3.157630000000000109e+03 0.000000000000000000e+00
3.161909999999999854e+03 0.000000000000000000e+00
3.166190000000000055e+03 -0.000000000000000000e+00
3.170480000000000018e+03 3.000000000000000062e-03
3.174780000000000200e+03 5.000000000000000104e-03
3.179079999999999927e+03 8.000000000000000167e-03
3.183380000000000109e+03 1.200000000000000025e-02
3.187699999999999818e+03 1.499999999999999944e-02
3.192019999999999982e+03 1.499999999999999944e-02
3.196340000000000146e+03 1.299999999999999940e-02
3.200670000000000073e+03 2.299999999999999961e-02
3.205010000000000218e+03 1.700000000000000122e-02
3.209349999999999909e+03 1.400000000000000029e-02
3.213699999999999818e+03 1.000000000000000021e-03
3.218050000000000182e+03 -8.000000000000000167e-03
3.222409999999999854e+03 -0.000000000000000000e+00
3.226769999999999982e+03 -1.200000000000000025e-02
3.231150000000000091e+03 -8.000000000000000167e-03
3.235519999999999982e+03 -2.800000000000000058e-02
3.239909999999999854e+03 -5.999999999999999778e-02
3.244289999999999964e+03 -7.599999999999999811e-02
3.248690000000000055e+03 -6.800000000000000488e-02
3.253090000000000146e+03 -8.300000000000000433e-02
3.257500000000000000e+03 -9.199999999999999845e-02
3.261909999999999854e+03 -8.599999999999999312e-02
3.266329999999999927e+03 -8.699999999999999400e-02
3.270760000000000218e+03 -1.019999999999999934e-01
3.275190000000000055e+03 -1.400000000000000133e-01
3.279619999999999891e+03 -1.360000000000000098e-01
3.284070000000000164e+03 -1.079999999999999988e-01
3.288519999999999982e+03 -8.200000000000000344e-02
3.292969999999999800e+03 -1.019999999999999934e-01
3.297429999999999836e+03 -9.900000000000000466e-02
3.301900000000000091e+03 -1.069999999999999979e-01
3.306369999999999891e+03 -1.199999999999999956e-01
3.310849999999999909e+03 -1.390000000000000124e-01
3.315340000000000146e+03 -1.089999999999999997e-01
3.319829999999999927e+03 -1.029999999999999943e-01
3.324320000000000164e+03 -5.500000000000000028e-02
3.328829999999999927e+03 -7.199999999999999456e-02
3.333340000000000146e+03 -4.100000000000000172e-02
3.337849999999999909e+03 -4.299999999999999656e-02
3.342380000000000109e+03 -5.000000000000000104e-03
3.346900000000000091e+03 -5.000000000000000104e-03
3.351440000000000055e+03 2.599999999999999881e-02
3.355980000000000018e+03 5.199999999999999761e-02
3.360519999999999982e+03 4.299999999999999656e-02
3.365079999999999927e+03 1.400000000000000029e-02
3.369639999999999873e+03 -8.000000000000000167e-03
3.374199999999999818e+03 -1.499999999999999944e-02
3.378769999999999982e+03 -3.799999999999999906e-02
3.383349999999999909e+03 1.200000000000000025e-02
3.387929999999999836e+03 1.299999999999999940e-02
3.392519999999999982e+03 4.100000000000000172e-02
3.397119999999999891e+03 6.300000000000000044e-02
3.401719999999999800e+03 7.399999999999999634e-02
3.406329999999999927e+03 1.179999999999999938e-01
3.410940000000000055e+03 1.350000000000000089e-01
3.415559999999999945e+03 1.580000000000000016e-01
3.420190000000000055e+03 1.559999999999999998e-01
3.424820000000000164e+03 1.610000000000000042e-01
3.429460000000000036e+03 1.729999999999999871e-01
3.434110000000000127e+03 1.749999999999999889e-01
3.438760000000000218e+03 1.809999999999999942e-01
3.443420000000000073e+03 1.630000000000000060e-01
3.448090000000000146e+03 1.809999999999999942e-01
3.452760000000000218e+03 2.310000000000000109e-01
3.457429999999999836e+03 2.710000000000000187e-01
3.462119999999999891e+03 2.800000000000000266e-01
3.466809999999999945e+03 2.720000000000000195e-01
3.471500000000000000e+03 2.449999999999999956e-01
3.476210000000000036e+03 2.149999999999999967e-01
3.480920000000000073e+03 2.129999999999999949e-01
3.485630000000000109e+03 2.030000000000000138e-01
3.490349999999999909e+03 2.000000000000000111e-01
3.495079999999999927e+03 2.439999999999999947e-01
3.499820000000000164e+03 2.570000000000000062e-01
3.504559999999999945e+03 3.099999999999999978e-01
3.509309999999999945e+03 3.230000000000000093e-01
3.514059999999999945e+03 3.320000000000000173e-01
3.518820000000000164e+03 3.659999999999999920e-01
3.523590000000000146e+03 3.599999999999999867e-01
3.528360000000000127e+03 3.810000000000000053e-01
3.533139999999999873e+03 3.830000000000000071e-01
3.537929999999999836e+03 4.050000000000000266e-01
3.542719999999999800e+03 3.920000000000000151e-01
3.547519999999999982e+03 4.329999999999999960e-01
3.552329999999999927e+03 4.430000000000000049e-01
3.557139999999999873e+03 4.620000000000000218e-01
3.561960000000000036e+03 4.829999999999999849e-01
3.566780000000000200e+03 4.650000000000000244e-01
3.571619999999999891e+03 4.799999999999999822e-01
3.576449999999999818e+03 4.610000000000000209e-01
3.581300000000000182e+03 4.719999999999999751e-01
3.586150000000000091e+03 4.749999999999999778e-01
3.591010000000000218e+03 4.789999999999999813e-01
3.595869999999999891e+03 4.510000000000000120e-01
3.600750000000000000e+03 4.400000000000000022e-01
3.605619999999999891e+03 4.010000000000000231e-01
3.610510000000000218e+03 3.300000000000000155e-01
3.615400000000000091e+03 3.039999999999999925e-01
3.620300000000000182e+03 2.819999999999999729e-01
3.625199999999999818e+03 2.819999999999999729e-01
3.630110000000000127e+03 2.700000000000000178e-01
3.635030000000000200e+03 2.800000000000000266e-01
3.639960000000000036e+03 2.730000000000000204e-01
3.644889999999999873e+03 2.580000000000000071e-01
3.649820000000000164e+03 2.200000000000000011e-01
3.654769999999999982e+03 2.200000000000000011e-01
3.659719999999999800e+03 1.849999999999999978e-01
3.664679999999999836e+03 1.469999999999999918e-01
3.669639999999999873e+03 9.700000000000000289e-02
3.674610000000000127e+03 2.400000000000000050e-02
3.679590000000000146e+03 -8.000000000000000167e-02
3.684579999999999927e+03 -1.570000000000000007e-01
3.689570000000000164e+03 -2.409999999999999920e-01
3.694570000000000164e+03 -2.969999999999999862e-01
3.699570000000000164e+03 -3.860000000000000098e-01
3.704579999999999927e+03 -4.420000000000000040e-01
3.709599999999999909e+03 -4.759999999999999787e-01
3.714630000000000109e+03 -5.010000000000000009e-01
3.719659999999999854e+03 -5.210000000000000187e-01
3.724699999999999818e+03 -5.390000000000000346e-01
3.729739999999999782e+03 -5.410000000000000364e-01
3.734800000000000182e+03 -5.480000000000000426e-01
3.739860000000000127e+03 -5.410000000000000364e-01
3.744920000000000073e+03 -5.490000000000000435e-01
3.750000000000000000e+03 -5.360000000000000320e-01
3.755079999999999927e+03 -5.410000000000000364e-01
3.760159999999999854e+03 -5.520000000000000462e-01
3.765260000000000218e+03 -5.560000000000000497e-01
3.770360000000000127e+03 -5.749999999999999556e-01
3.775469999999999800e+03 -5.669999999999999485e-01
3.780579999999999927e+03 -5.729999999999999538e-01
3.785699999999999818e+03 -5.719999999999999529e-01
3.790829999999999927e+03 -5.729999999999999538e-01
3.795969999999999800e+03 -5.629999999999999449e-01
3.801110000000000127e+03 -5.570000000000000506e-01
3.806260000000000218e+03 -5.440000000000000391e-01
3.811420000000000073e+03 -5.250000000000000222e-01
3.816579999999999927e+03 -5.030000000000000027e-01
3.821750000000000000e+03 -4.650000000000000244e-01
3.826929999999999836e+03 -4.349999999999999978e-01
3.832110000000000127e+03 -4.040000000000000258e-01
3.837300000000000182e+03 -3.649999999999999911e-01
3.842500000000000000e+03 -3.069999999999999951e-01
3.847710000000000036e+03 -2.489999999999999991e-01
3.852920000000000073e+03 -1.940000000000000058e-01
3.858139999999999873e+03 -1.340000000000000080e-01
3.863369999999999891e+03 -7.799999999999999989e-02
3.868599999999999909e+03 -4.200000000000000261e-02
3.873840000000000146e+03 3.799999999999999906e-02
3.879090000000000146e+03 1.059999999999999970e-01
3.884340000000000146e+03 1.350000000000000089e-01
3.889610000000000127e+03 1.660000000000000087e-01
3.894869999999999891e+03 1.920000000000000040e-01
3.900150000000000091e+03 2.079999999999999905e-01
3.905429999999999836e+03 1.869999999999999996e-01
3.910730000000000018e+03 2.069999999999999896e-01
3.916019999999999982e+03 2.159999999999999976e-01
3.921329999999999927e+03 2.320000000000000118e-01
3.926639999999999873e+03 2.389999999999999902e-01
3.931960000000000036e+03 1.990000000000000102e-01
3.937289999999999964e+03 2.270000000000000073e-01
3.942619999999999891e+03 2.620000000000000107e-01
3.947960000000000036e+03 2.520000000000000018e-01
3.953309999999999945e+03 2.210000000000000020e-01
3.958670000000000073e+03 1.719999999999999862e-01
3.964030000000000200e+03 1.000000000000000056e-01
3.969400000000000091e+03 8.999999999999999320e-03
3.974780000000000200e+03 1.299999999999999940e-02
3.980159999999999854e+03 -1.799999999999999864e-02
3.985550000000000182e+03 -4.200000000000000261e-02
3.990949999999999818e+03 -6.800000000000000488e-02
3.996360000000000127e+03 -8.200000000000000344e-02
4.001769999999999982e+03 -8.999999999999999667e-02
4.007190000000000055e+03 -9.600000000000000200e-02
4.012619999999999891e+03 -9.400000000000000022e-02
4.018059999999999945e+03 -8.400000000000000522e-02
4.023500000000000000e+03 -7.799999999999999989e-02
4.028949999999999818e+03 -5.099999999999999672e-02
4.034409999999999854e+03 -1.000000000000000021e-02
4.039880000000000109e+03 2.500000000000000139e-02
4.045349999999999909e+03 6.600000000000000311e-02
4.050829999999999927e+03 8.699999999999999400e-02
4.056320000000000164e+03 1.140000000000000041e-01
4.061809999999999945e+03 1.380000000000000115e-01
4.067320000000000164e+03 1.130000000000000032e-01
4.072829999999999927e+03 1.340000000000000080e-01
4.078340000000000146e+03 1.439999999999999891e-01
4.083869999999999891e+03 1.610000000000000042e-01
4.089400000000000091e+03 1.719999999999999862e-01
4.094940000000000055e+03 1.910000000000000031e-01
4.100489999999999782e+03 1.809999999999999942e-01
4.106039999999999964e+03 1.710000000000000131e-01
4.111609999999999673e+03 1.749999999999999889e-01
4.117180000000000291e+03 1.700000000000000122e-01
4.122750000000000000e+03 1.549999999999999989e-01
4.128340000000000146e+03 1.300000000000000044e-01
4.133930000000000291e+03 1.179999999999999938e-01
4.139529999999999745e+03 8.899999999999999578e-02
4.145140000000000327e+03 7.799999999999999989e-02
4.150750000000000000e+03 8.500000000000000611e-02
4.156380000000000109e+03 8.599999999999999312e-02
4.162010000000000218e+03 1.000000000000000056e-01
4.167649999999999636e+03 1.000000000000000056e-01
4.173289999999999964e+03 9.600000000000000200e-02
4.178949999999999818e+03 8.699999999999999400e-02
4.184609999999999673e+03 8.000000000000000167e-02
4.190279999999999745e+03 5.800000000000000294e-02
4.195949999999999818e+03 4.000000000000000083e-02
4.201640000000000327e+03 2.299999999999999961e-02
4.207329999999999927e+03 1.200000000000000025e-02
4.213029999999999745e+03 -1.400000000000000029e-02
4.218739999999999782e+03 -4.200000000000000261e-02
4.224449999999999818e+03 -6.300000000000000044e-02
4.230180000000000291e+03 -8.300000000000000433e-02
4.235909999999999854e+03 -1.019999999999999934e-01
4.241640000000000327e+03 -1.229999999999999982e-01
4.247390000000000327e+03 -1.330000000000000071e-01
4.253140000000000327e+03 -1.749999999999999889e-01
4.258909999999999854e+03 -1.869999999999999996e-01
4.264680000000000291e+03 -2.030000000000000138e-01
4.270449999999999818e+03 -2.379999999999999893e-01
4.276239999999999782e+03 -2.740000000000000213e-01
4.282029999999999745e+03 -3.079999999999999960e-01
4.287829999999999927e+03 -3.330000000000000182e-01
4.293640000000000327e+03 -3.639999999999999902e-01
4.299460000000000036e+03 -3.850000000000000089e-01
4.305279999999999745e+03 -3.800000000000000044e-01
4.311119999999999891e+03 -3.709999999999999964e-01
4.316960000000000036e+03 -3.430000000000000271e-01
4.322800000000000182e+03 -3.059999999999999942e-01
4.328659999999999854e+03 -2.819999999999999729e-01
4.334520000000000437e+03 -2.550000000000000044e-01
4.340399999999999636e+03 -2.379999999999999893e-01
4.346279999999999745e+03 -2.179999999999999993e-01
4.352159999999999854e+03 -2.030000000000000138e-01
4.358060000000000400e+03 -1.819999999999999951e-01
4.363960000000000036e+03 -1.600000000000000033e-01
4.369880000000000109e+03 -1.489999999999999936e-01
4.375800000000000182e+03 -1.459999999999999909e-01
4.381720000000000255e+03 -1.370000000000000107e-01
4.387659999999999854e+03 -1.179999999999999938e-01
4.393600000000000364e+03 -1.029999999999999943e-01
4.399560000000000400e+03 -9.900000000000000466e-02
4.405520000000000437e+03 -1.019999999999999934e-01
4.411489999999999782e+03 -1.069999999999999979e-01
4.417460000000000036e+03 -1.100000000000000006e-01
4.423449999999999818e+03 -1.039999999999999952e-01
4.429439999999999600e+03 -1.049999999999999961e-01
4.435439999999999600e+03 -1.110000000000000014e-01
4.441449999999999818e+03 -9.099999999999999756e-02
4.447460000000000036e+03 -7.900000000000000078e-02
4.453489999999999782e+03 -5.800000000000000294e-02
4.459520000000000437e+03 -3.200000000000000067e-02
4.465560000000000400e+03 2.800000000000000058e-02
4.471609999999999673e+03 7.299999999999999545e-02
4.477670000000000073e+03 1.170000000000000068e-01
4.483739999999999782e+03 1.509999999999999953e-01
4.489810000000000400e+03 1.739999999999999880e-01
4.495890000000000327e+03 1.960000000000000075e-01
4.501979999999999563e+03 2.240000000000000047e-01
4.508079999999999927e+03 2.419999999999999929e-01
4.514189999999999600e+03 2.650000000000000133e-01
4.520310000000000400e+03 2.899999999999999800e-01
4.526430000000000291e+03 3.029999999999999916e-01
4.532560000000000400e+03 3.009999999999999898e-01
4.538699999999999818e+03 3.009999999999999898e-01
4.544850000000000364e+03 2.819999999999999729e-01
4.551010000000000218e+03 2.700000000000000178e-01
4.557170000000000073e+03 2.459999999999999964e-01
4.563350000000000364e+03 2.510000000000000009e-01
4.569529999999999745e+03 2.570000000000000062e-01
4.575720000000000255e+03 2.700000000000000178e-01
4.581920000000000073e+03 2.859999999999999765e-01
4.588130000000000109e+03 2.839999999999999747e-01
4.594340000000000146e+03 3.109999999999999987e-01
4.600569999999999709e+03 2.949999999999999845e-01
4.606800000000000182e+03 3.049999999999999933e-01
4.613039999999999964e+03 3.160000000000000031e-01
4.619289999999999964e+03 3.220000000000000084e-01
4.625550000000000182e+03 3.190000000000000058e-01
4.631810000000000400e+03 2.939999999999999836e-01
4.638090000000000146e+03 2.560000000000000053e-01
4.644369999999999891e+03 2.039999999999999869e-01
4.650659999999999854e+03 1.559999999999999998e-01
4.656960000000000036e+03 1.199999999999999956e-01
4.663270000000000437e+03 9.199999999999999845e-02
4.669590000000000146e+03 5.600000000000000117e-02
4.675920000000000073e+03 4.299999999999999656e-02
4.682250000000000000e+03 3.500000000000000333e-02
4.688590000000000146e+03 3.300000000000000155e-02
4.694939999999999600e+03 4.499999999999999833e-02
4.701300000000000182e+03 4.700000000000000011e-02
4.707670000000000073e+03 5.800000000000000294e-02
4.714050000000000182e+03 7.699999999999999900e-02
4.720439999999999600e+03 7.299999999999999545e-02
4.726829999999999927e+03 4.599999999999999922e-02
4.733239999999999782e+03 3.000000000000000062e-03
4.739649999999999636e+03 -4.900000000000000189e-02
4.746069999999999709e+03 -7.599999999999999811e-02
4.752500000000000000e+03 -1.089999999999999997e-01
4.758939999999999600e+03 -1.199999999999999956e-01
4.765380000000000109e+03 -1.160000000000000059e-01
4.771840000000000146e+03 -1.079999999999999988e-01
4.778300000000000182e+03 -9.800000000000000377e-02
4.784779999999999745e+03 -8.200000000000000344e-02
4.791260000000000218e+03 -5.500000000000000028e-02
4.797750000000000000e+03 -2.199999999999999872e-02
4.804250000000000000e+03 -1.299999999999999940e-02
4.810760000000000218e+03 2.000000000000000042e-03
4.817279999999999745e+03 -1.700000000000000122e-02
4.823800000000000182e+03 -7.099999999999999367e-02
4.830340000000000146e+03 -1.300000000000000044e-01
4.836880000000000109e+03 -1.630000000000000060e-01
4.843430000000000291e+03 -2.069999999999999896e-01
4.849989999999999782e+03 -2.439999999999999947e-01
4.856560000000000400e+03 -2.670000000000000151e-01
4.863140000000000327e+03 -2.979999999999999871e-01
4.869729999999999563e+03 -3.089999999999999969e-01
4.876329999999999927e+03 -3.019999999999999907e-01
4.882939999999999600e+03 -2.839999999999999747e-01
4.889550000000000182e+03 -2.469999999999999973e-01
4.896170000000000073e+03 -2.129999999999999949e-01
4.902810000000000400e+03 -1.819999999999999951e-01
4.909449999999999818e+03 -1.630000000000000060e-01
4.916100000000000364e+03 -1.409999999999999865e-01
4.922760000000000218e+03 -1.239999999999999991e-01
4.929430000000000291e+03 -1.049999999999999961e-01
4.936109999999999673e+03 -9.600000000000000200e-02
4.942789999999999964e+03 -8.899999999999999578e-02
4.949489999999999782e+03 -7.000000000000000666e-02
4.956199999999999818e+03 -7.099999999999999367e-02
4.962909999999999854e+03 -9.700000000000000289e-02
4.969630000000000109e+03 -1.270000000000000018e-01
4.976369999999999891e+03 -1.449999999999999900e-01
4.983109999999999673e+03 -1.580000000000000016e-01
4.989859999999999673e+03 -1.529999999999999971e-01
4.996619999999999891e+03 -1.529999999999999971e-01
5.003390000000000327e+03 -1.449999999999999900e-01
5.010170000000000073e+03 -1.250000000000000000e-01
5.016949999999999818e+03 -1.239999999999999991e-01
5.023750000000000000e+03 -1.079999999999999988e-01
5.030550000000000182e+03 -9.900000000000000466e-02
5.037369999999999891e+03 -7.699999999999999900e-02
5.044189999999999600e+03 -5.700000000000000205e-02
5.051029999999999745e+03 -2.100000000000000130e-02
5.057869999999999891e+03 1.400000000000000029e-02
5.064720000000000255e+03 4.499999999999999833e-02
5.071579999999999927e+03 7.299999999999999545e-02
5.078449999999999818e+03 1.029999999999999943e-01
5.085329999999999927e+03 1.310000000000000053e-01
5.092220000000000255e+03 1.719999999999999862e-01
5.099119999999999891e+03 1.920000000000000040e-01
5.106029999999999745e+03 2.099999999999999922e-01
5.112949999999999818e+03 2.270000000000000073e-01
5.119869999999999891e+03 2.389999999999999902e-01
5.126810000000000400e+03 2.479999999999999982e-01
5.133750000000000000e+03 2.510000000000000009e-01
5.140710000000000036e+03 2.409999999999999920e-01
5.147670000000000073e+03 2.139999999999999958e-01
5.154649999999999636e+03 2.230000000000000038e-01
5.161630000000000109e+03 2.099999999999999922e-01
5.168619999999999891e+03 2.119999999999999940e-01
5.175619999999999891e+03 2.179999999999999993e-01
5.182640000000000327e+03 2.200000000000000011e-01
5.189659999999999854e+03 2.510000000000000009e-01
5.196689999999999600e+03 2.580000000000000071e-01
5.203729999999999563e+03 2.869999999999999774e-01
5.210779999999999745e+03 2.909999999999999809e-01
5.217840000000000146e+03 2.869999999999999774e-01
5.224909999999999854e+03 2.660000000000000142e-01
5.231979999999999563e+03 2.210000000000000020e-01
5.239069999999999709e+03 1.700000000000000122e-01
5.246170000000000073e+03 1.049999999999999961e-01
5.253279999999999745e+03 4.200000000000000261e-02
5.260390000000000327e+03 2.000000000000000042e-03
5.267520000000000437e+03 -5.399999999999999939e-02
5.274659999999999854e+03 -9.900000000000000466e-02
5.281800000000000182e+03 -1.160000000000000059e-01
5.288960000000000036e+03 -1.250000000000000000e-01
5.296119999999999891e+03 -1.439999999999999891e-01
5.303300000000000182e+03 -1.400000000000000133e-01
5.310479999999999563e+03 -1.260000000000000009e-01
5.317670000000000073e+03 -1.370000000000000107e-01
5.324880000000000109e+03 -1.280000000000000027e-01
5.332090000000000146e+03 -1.300000000000000044e-01
5.339319999999999709e+03 -1.130000000000000032e-01
5.346550000000000182e+03 -7.499999999999999722e-02
5.353789999999999964e+03 -4.200000000000000261e-02
5.361050000000000182e+03 -2.800000000000000058e-02
5.368310000000000400e+03 -4.100000000000000172e-02
5.375579999999999927e+03 -3.500000000000000333e-02
5.382859999999999673e+03 -2.999999999999999889e-02
5.390159999999999854e+03 -1.099999999999999936e-02
5.397460000000000036e+03 -1.099999999999999936e-02
5.404770000000000437e+03 -3.599999999999999728e-02
5.412090000000000146e+03 -4.399999999999999745e-02
5.419420000000000073e+03 -5.800000000000000294e-02
5.426770000000000437e+03 -9.500000000000000111e-02
5.434119999999999891e+03 -1.270000000000000018e-01
5.441479999999999563e+03 -1.600000000000000033e-01
5.448850000000000364e+03 -1.900000000000000022e-01
5.456229999999999563e+03 -2.119999999999999940e-01
5.463619999999999891e+03 -2.439999999999999947e-01
5.471029999999999745e+03 -2.439999999999999947e-01
5.478439999999999600e+03 -2.409999999999999920e-01
5.485859999999999673e+03 -2.099999999999999922e-01
5.493289999999999964e+03 -1.759999999999999898e-01
5.500729999999999563e+03 -1.610000000000000042e-01
5.508180000000000291e+03 -1.059999999999999970e-01
5.515649999999999636e+03 -4.700000000000000011e-02
5.523119999999999891e+03 -1.099999999999999936e-02
5.530600000000000364e+03 2.900000000000000147e-02
5.538090000000000146e+03 7.399999999999999634e-02
5.545600000000000364e+03 1.140000000000000041e-01
5.553109999999999673e+03 1.390000000000000124e-01
5.560630000000000109e+03 1.590000000000000024e-01
5.568170000000000073e+03 1.819999999999999951e-01
5.575710000000000036e+03 1.869999999999999996e-01
5.583260000000000218e+03 1.930000000000000049e-01
5.590829999999999927e+03 1.670000000000000095e-01
5.598399999999999636e+03 1.839999999999999969e-01
5.605979999999999563e+03 1.990000000000000102e-01
5.613579999999999927e+03 2.039999999999999869e-01
5.621180000000000291e+03 2.059999999999999887e-01
5.628800000000000182e+03 1.940000000000000058e-01
5.636420000000000073e+03 2.010000000000000120e-01
5.644060000000000400e+03 1.869999999999999996e-01
5.651710000000000036e+03 1.719999999999999862e-01
5.659359999999999673e+03 1.769999999999999907e-01
5.667029999999999745e+03 1.799999999999999933e-01
5.674710000000000036e+03 1.670000000000000095e-01
5.682390000000000327e+03 1.580000000000000016e-01
5.690090000000000146e+03 1.469999999999999918e-01
5.697800000000000182e+03 1.610000000000000042e-01
5.705520000000000437e+03 1.270000000000000018e-01
5.713250000000000000e+03 1.059999999999999970e-01
5.720989999999999782e+03 1.100000000000000006e-01
5.728739999999999782e+03 6.900000000000000577e-02
5.736500000000000000e+03 3.699999999999999817e-02
5.744270000000000437e+03 1.799999999999999864e-02
5.752050000000000182e+03 -1.000000000000000021e-02
5.759840000000000146e+03 -1.400000000000000029e-02
5.767649999999999636e+03 -2.800000000000000058e-02
5.775460000000000036e+03 -3.500000000000000333e-02
5.783289999999999964e+03 -4.299999999999999656e-02
5.791119999999999891e+03 -2.599999999999999881e-02
5.798970000000000255e+03 -2.900000000000000147e-02
5.806819999999999709e+03 4.000000000000000083e-03
5.814689999999999600e+03 1.899999999999999953e-02
5.822569999999999709e+03 3.699999999999999817e-02
5.830449999999999818e+03 7.199999999999999456e-02
5.838350000000000364e+03 8.200000000000000344e-02
5.846260000000000218e+03 1.069999999999999979e-01
5.854180000000000291e+03 1.059999999999999970e-01
5.862109999999999673e+03 1.340000000000000080e-01
5.870050000000000182e+03 1.360000000000000098e-01
5.878010000000000218e+03 1.380000000000000115e-01
5.885970000000000255e+03 1.059999999999999970e-01
5.893939999999999600e+03 1.299999999999999940e-02
5.901930000000000291e+03 1.479999999999999927e-01
5.909920000000000073e+03 1.839999999999999969e-01
5.917930000000000291e+03 1.789999999999999925e-01
5.925949999999999818e+03 1.759999999999999898e-01
5.933970000000000255e+03 1.910000000000000031e-01
5.942010000000000218e+03 1.900000000000000022e-01
5.950060000000000400e+03 2.039999999999999869e-01
5.958119999999999891e+03 2.079999999999999905e-01
5.966199999999999818e+03 2.039999999999999869e-01
5.974279999999999745e+03 1.990000000000000102e-01
5.982369999999999891e+03 2.149999999999999967e-01
5.990479999999999563e+03 2.059999999999999887e-01
5.998590000000000146e+03 1.930000000000000049e-01
6.006720000000000255e+03 1.799999999999999933e-01
6.014850000000000364e+03 1.620000000000000051e-01
6.023000000000000000e+03 1.529999999999999971e-01
6.031159999999999854e+03 1.120000000000000023e-01
6.039329999999999927e+03 5.999999999999999778e-02
6.047520000000000437e+03 -2.400000000000000050e-02
6.055710000000000036e+03 -1.219999999999999973e-01
6.063909999999999854e+03 -2.459999999999999964e-01
6.072130000000000109e+03 -3.579999999999999849e-01
6.080350000000000364e+03 -4.229999999999999871e-01
6.088590000000000146e+03 -4.899999999999999911e-01
6.096840000000000146e+03 -5.450000000000000400e-01
6.105100000000000364e+03 -5.829999999999999627e-01
6.113369999999999891e+03 -6.009999999999999787e-01
6.121649999999999636e+03 -6.149999999999999911e-01
6.129939999999999600e+03 -6.179999999999999938e-01
6.138250000000000000e+03 -6.069999999999999840e-01
6.146560000000000400e+03 -5.889999999999999680e-01
6.154890000000000327e+03 -5.560000000000000497e-01
6.163229999999999563e+03 -5.320000000000000284e-01
6.171579999999999927e+03 -4.829999999999999849e-01
6.179939999999999600e+03 -4.279999999999999916e-01
6.188310000000000400e+03 -3.760000000000000009e-01
6.196689999999999600e+03 -3.260000000000000120e-01
6.205090000000000146e+03 -2.560000000000000053e-01
6.213500000000000000e+03 -1.930000000000000049e-01
6.221909999999999854e+03 -1.449999999999999900e-01
6.230340000000000146e+03 -7.699999999999999900e-02
6.238779999999999745e+03 -1.499999999999999944e-02
6.247229999999999563e+03 3.200000000000000067e-02
6.255699999999999818e+03 6.600000000000000311e-02
6.264170000000000073e+03 1.160000000000000059e-01
6.272659999999999854e+03 1.509999999999999953e-01
6.281159999999999854e+03 1.960000000000000075e-01
6.289670000000000073e+03 2.059999999999999887e-01
6.298189999999999600e+03 2.270000000000000073e-01
6.306720000000000255e+03 2.640000000000000124e-01
6.315260000000000218e+03 2.670000000000000151e-01
6.323819999999999709e+03 2.899999999999999800e-01
6.332380000000000109e+03 2.939999999999999836e-01
6.340960000000000036e+03 2.790000000000000258e-01
6.349550000000000182e+03 2.810000000000000275e-01
6.358149999999999636e+03 2.999999999999999889e-01
6.366770000000000437e+03 2.770000000000000240e-01
6.375390000000000327e+03 2.919999999999999818e-01
6.384029999999999745e+03 2.760000000000000231e-01
6.392680000000000291e+03 2.670000000000000151e-01
6.401340000000000146e+03 2.929999999999999827e-01
6.410010000000000218e+03 2.580000000000000071e-01
6.418699999999999818e+03 2.419999999999999929e-01
6.427390000000000327e+03 2.590000000000000080e-01
6.436100000000000364e+03 2.650000000000000133e-01
6.444819999999999709e+03 2.230000000000000038e-01
6.453550000000000182e+03 2.109999999999999931e-01
6.462289999999999964e+03 2.039999999999999869e-01
6.471039999999999964e+03 1.910000000000000031e-01
6.479810000000000400e+03 1.779999999999999916e-01
6.488590000000000146e+03 1.779999999999999916e-01
6.497380000000000109e+03 1.660000000000000087e-01
6.506180000000000291e+03 1.580000000000000016e-01
6.515000000000000000e+03 1.300000000000000044e-01
6.523819999999999709e+03 1.419999999999999873e-01
6.532659999999999854e+03 1.300000000000000044e-01
6.541510000000000218e+03 1.170000000000000068e-01
6.550369999999999891e+03 1.170000000000000068e-01
6.559250000000000000e+03 1.110000000000000014e-01
6.568130000000000109e+03 1.120000000000000023e-01
6.577029999999999745e+03 9.800000000000000377e-02
6.585939999999999600e+03 1.370000000000000107e-01
6.594859999999999673e+03 8.500000000000000611e-02
6.603800000000000182e+03 7.399999999999999634e-02
6.612739999999999782e+03 6.300000000000000044e-02
6.621699999999999818e+03 3.899999999999999994e-02
6.630670000000000073e+03 2.900000000000000147e-02
6.639649999999999636e+03 2.000000000000000042e-02
6.648649999999999636e+03 3.599999999999999728e-02
6.657659999999999854e+03 4.000000000000000083e-02
6.666680000000000291e+03 1.200000000000000025e-02
6.675710000000000036e+03 1.200000000000000025e-02
6.684750000000000000e+03 2.000000000000000042e-02
6.693810000000000400e+03 1.000000000000000021e-02
6.702880000000000109e+03 -2.000000000000000042e-03
6.711960000000000036e+03 3.000000000000000062e-03
6.721050000000000182e+03 -8.999999999999999320e-03
6.730149999999999636e+03 -2.699999999999999969e-02
6.739270000000000437e+03 -2.900000000000000147e-02
6.748399999999999636e+03 -3.799999999999999906e-02
6.757539999999999964e+03 -5.500000000000000028e-02
6.766699999999999818e+03 -6.900000000000000577e-02
6.775859999999999673e+03 -6.600000000000000311e-02
6.785039999999999964e+03 -7.599999999999999811e-02
6.794239999999999782e+03 -7.799999999999999989e-02
6.803439999999999600e+03 -8.000000000000000167e-02
6.812659999999999854e+03 -9.900000000000000466e-02
6.821890000000000327e+03 -7.599999999999999811e-02
6.831130000000000109e+03 -7.799999999999999989e-02
6.840380000000000109e+03 -7.599999999999999811e-02
6.849649999999999636e+03 -5.299999999999999850e-02
6.858930000000000291e+03 -5.399999999999999939e-02
6.868220000000000255e+03 -7.499999999999999722e-02
6.877520000000000437e+03 -8.899999999999999578e-02
6.886840000000000146e+03 -9.500000000000000111e-02
6.896170000000000073e+03 -8.000000000000000167e-02
6.905510000000000218e+03 -8.899999999999999578e-02
6.914869999999999891e+03 -9.500000000000000111e-02
6.924239999999999782e+03 -9.900000000000000466e-02
6.933619999999999891e+03 -8.300000000000000433e-02
6.943010000000000218e+03 -9.199999999999999845e-02
6.952420000000000073e+03 -7.699999999999999900e-02
6.961829999999999927e+03 -7.099999999999999367e-02
6.971270000000000437e+03 -7.099999999999999367e-02
6.980710000000000036e+03 -5.600000000000000117e-02
6.990170000000000073e+03 -6.500000000000000222e-02
6.999640000000000327e+03 -8.500000000000000611e-02
7.009119999999999891e+03 -8.699999999999999400e-02
7.018609999999999673e+03 -7.099999999999999367e-02
7.028119999999999891e+03 -5.899999999999999689e-02
7.037640000000000327e+03 -4.800000000000000100e-02
7.047180000000000291e+03 -5.999999999999999778e-02
7.056720000000000255e+03 -8.200000000000000344e-02
7.066279999999999745e+03 -7.599999999999999811e-02
7.075859999999999673e+03 -7.199999999999999456e-02
7.085439999999999600e+03 -7.900000000000000078e-02
7.095039999999999964e+03 -4.299999999999999656e-02
7.104649999999999636e+03 -4.000000000000000083e-02
7.114279999999999745e+03 -6.400000000000000133e-02
7.123920000000000073e+03 -5.700000000000000205e-02
7.133569999999999709e+03 -5.000000000000000278e-02
7.143229999999999563e+03 -6.900000000000000577e-02
7.152909999999999854e+03 -4.599999999999999922e-02
7.162600000000000364e+03 -1.700000000000000122e-02
7.172300000000000182e+03 -2.000000000000000042e-02
7.182020000000000437e+03 -3.500000000000000333e-02
7.191750000000000000e+03 -4.100000000000000172e-02
7.201489999999999782e+03 -2.999999999999999889e-02
7.211250000000000000e+03 -2.599999999999999881e-02
7.221020000000000437e+03 -2.900000000000000147e-02
7.230800000000000182e+03 1.400000000000000029e-02
7.240590000000000146e+03 -5.000000000000000104e-03
7.250399999999999636e+03 1.000000000000000021e-03
7.260229999999999563e+03 -2.400000000000000050e-02
7.270060000000000400e+03 8.999999999999999320e-03
7.279909999999999854e+03 -1.099999999999999936e-02
7.289770000000000437e+03 -1.799999999999999864e-02
7.299649999999999636e+03 -1.499999999999999944e-02
7.309539999999999964e+03 -5.800000000000000294e-02
7.319439999999999600e+03 -5.999999999999999778e-02
7.329359999999999673e+03 -5.000000000000000278e-02
7.339279999999999745e+03 -8.599999999999999312e-02
7.349229999999999563e+03 -6.300000000000000044e-02
7.359180000000000291e+03 -1.059999999999999970e-01
7.369149999999999636e+03 -1.039999999999999952e-01
7.379140000000000327e+03 -1.100000000000000006e-01
7.389130000000000109e+03 -1.229999999999999982e-01
7.399140000000000327e+03 -1.089999999999999997e-01
7.409170000000000073e+03 -9.299999999999999933e-02
7.419199999999999818e+03 -1.690000000000000113e-01
7.429250000000000000e+03 -1.719999999999999862e-01
7.439319999999999709e+03 -2.349999999999999867e-01
7.449399999999999636e+03 -2.690000000000000169e-01
7.459489999999999782e+03 -3.150000000000000022e-01
7.469590000000000146e+03 -3.039999999999999925e-01
7.479710000000000036e+03 -3.130000000000000004e-01
7.489850000000000364e+03 -3.569999999999999840e-01
7.499989999999999782e+03 -2.949999999999999845e-01
7.510149999999999636e+03 -2.640000000000000124e-01
7.520329999999999927e+03 -2.660000000000000142e-01
7.530520000000000437e+03 -2.300000000000000100e-01
7.540720000000000255e+03 -1.900000000000000022e-01
7.550930000000000291e+03 -1.630000000000000060e-01
7.561159999999999854e+03 -1.179999999999999938e-01
7.571409999999999854e+03 -1.360000000000000098e-01
7.581659999999999854e+03 -6.600000000000000311e-02
7.591930000000000291e+03 -9.400000000000000022e-02
7.602220000000000255e+03 -9.600000000000000200e-02
7.612520000000000437e+03 -3.300000000000000155e-02
7.622829999999999927e+03 -4.200000000000000261e-02
7.633159999999999854e+03 -2.400000000000000050e-02
7.643500000000000000e+03 -3.500000000000000333e-02
7.653850000000000364e+03 -8.000000000000000167e-03
7.664220000000000255e+03 -2.000000000000000042e-03
7.674600000000000364e+03 -2.699999999999999969e-02
7.685000000000000000e+03 -7.799999999999999989e-02
7.695409999999999854e+03 -7.000000000000000146e-03
7.705840000000000146e+03 1.099999999999999936e-02
7.716279999999999745e+03 -4.000000000000000083e-03
7.726729999999999563e+03 -8.000000000000000167e-03
7.737199999999999818e+03 -2.299999999999999961e-02
7.747680000000000291e+03 -2.000000000000000042e-03
7.758180000000000291e+03 3.599999999999999728e-02
7.768689999999999600e+03 1.019999999999999934e-01
7.779210000000000036e+03 1.170000000000000068e-01
7.789750000000000000e+03 1.079999999999999988e-01
7.800300000000000182e+03 1.239999999999999991e-01
7.810869999999999891e+03 1.749999999999999889e-01
7.821449999999999818e+03 1.809999999999999942e-01
7.832050000000000182e+03 1.839999999999999969e-01
7.842659999999999854e+03 1.749999999999999889e-01
7.853279999999999745e+03 1.670000000000000095e-01
7.863920000000000073e+03 1.910000000000000031e-01
7.874569999999999709e+03 1.739999999999999880e-01
7.885239999999999782e+03 1.650000000000000078e-01
7.895920000000000073e+03 1.849999999999999978e-01
7.906619999999999891e+03 2.099999999999999922e-01
7.917329999999999927e+03 2.010000000000000120e-01
7.928060000000000400e+03 1.910000000000000031e-01
7.938800000000000182e+03 1.890000000000000013e-01
7.949550000000000182e+03 1.670000000000000095e-01
7.960319999999999709e+03 1.819999999999999951e-01
7.971109999999999673e+03 1.469999999999999918e-01
7.981909999999999854e+03 1.110000000000000014e-01
7.992720000000000255e+03 1.539999999999999980e-01
8.003550000000000182e+03 5.800000000000000294e-02
8.014390000000000327e+03 6.800000000000000488e-02
8.025250000000000000e+03 5.199999999999999761e-02
8.036119999999999891e+03 7.000000000000000146e-03
8.047000000000000000e+03 5.600000000000000117e-02
8.057909999999999854e+03 1.299999999999999940e-02
8.068819999999999709e+03 -3.300000000000000155e-02
8.079750000000000000e+03 -3.000000000000000062e-03
8.090699999999999818e+03 -1.899999999999999953e-02
8.101659999999999854e+03 -2.000000000000000042e-03
8.112630000000000109e+03 4.399999999999999745e-02
8.123630000000000109e+03 1.600000000000000033e-02
8.134630000000000109e+03 -3.799999999999999906e-02
8.145649999999999636e+03 -1.100000000000000006e-01
8.156689999999999600e+03 -1.559999999999999998e-01
8.167739999999999782e+03 -1.700000000000000122e-01
8.178800000000000182e+03 -2.389999999999999902e-01
8.189880000000000109e+03 -2.290000000000000091e-01
8.200979999999999563e+03 -2.979999999999999871e-01
8.212090000000000146e+03 -3.509999999999999787e-01
8.223209999999999127e+03 -3.539999999999999813e-01
8.234350000000000364e+03 -3.539999999999999813e-01
8.245510000000000218e+03 -3.420000000000000262e-01
8.256680000000000291e+03 -3.549999999999999822e-01
8.267860000000000582e+03 -3.270000000000000129e-01
8.279059999999999491e+03 -2.879999999999999782e-01
8.290280000000000655e+03 -2.819999999999999729e-01
8.301510000000000218e+03 -2.520000000000000018e-01
8.312760000000000218e+03 -2.740000000000000213e-01
8.324020000000000437e+03 -2.580000000000000071e-01
8.335290000000000873e+03 -2.530000000000000027e-01
8.346590000000000146e+03 -2.270000000000000073e-01
8.357889999999999418e+03 -2.069999999999999896e-01
8.369219999999999345e+03 -1.809999999999999942e-01
8.380549999999999272e+03 -1.849999999999999978e-01
8.391909999999999854e+03 -1.360000000000000098e-01
8.403280000000000655e+03 -4.299999999999999656e-02
8.414659999999999854e+03 -1.899999999999999953e-02
8.426059999999999491e+03 -1.000000000000000021e-03
8.437469999999999345e+03 5.099999999999999672e-02
8.448909999999999854e+03 5.500000000000000028e-02
8.460350000000000364e+03 9.099999999999999756e-02
8.471809999999999491e+03 7.399999999999999634e-02
8.483290000000000873e+03 1.179999999999999938e-01
8.494780000000000655e+03 1.620000000000000051e-01
8.506290000000000873e+03 2.010000000000000120e-01
8.517809999999999491e+03 1.809999999999999942e-01
8.529350000000000364e+03 2.099999999999999922e-01
8.540909999999999854e+03 1.690000000000000113e-01
8.552479999999999563e+03 2.010000000000000120e-01
8.564059999999999491e+03 2.560000000000000053e-01
8.575670000000000073e+03 2.250000000000000056e-01
8.587280000000000655e+03 2.500000000000000000e-01
8.598920000000000073e+03 2.039999999999999869e-01
8.610569999999999709e+03 2.099999999999999922e-01
8.622229999999999563e+03 2.069999999999999896e-01
8.633909999999999854e+03 2.760000000000000231e-01
8.645610000000000582e+03 2.169999999999999984e-01
8.657319999999999709e+03 1.849999999999999978e-01
8.669049999999999272e+03 2.550000000000000044e-01
8.680790000000000873e+03 2.089999999999999913e-01
8.692549999999999272e+03 3.119999999999999996e-01
8.704329999999999927e+03 2.829999999999999738e-01
8.716120000000000800e+03 2.099999999999999922e-01
8.727930000000000291e+03 2.939999999999999836e-01
8.739750000000000000e+03 2.520000000000000018e-01
8.751590000000000146e+03 1.930000000000000049e-01
8.763450000000000728e+03 2.439999999999999947e-01
8.775319999999999709e+03 2.580000000000000071e-01
8.787209999999999127e+03 1.859999999999999987e-01
8.799110000000000582e+03 1.290000000000000036e-01
8.811030000000000655e+03 1.310000000000000053e-01
8.822969999999999345e+03 1.320000000000000062e-01
8.834920000000000073e+03 1.029999999999999943e-01
8.846889999999999418e+03 1.400000000000000029e-02
8.858879999999999200e+03 7.099999999999999367e-02
8.870879999999999200e+03 9.199999999999999845e-02
8.882889999999999418e+03 5.000000000000000278e-02
8.894930000000000291e+03 -4.399999999999999745e-02
8.906979999999999563e+03 -2.500000000000000139e-02
8.919049999999999272e+03 5.500000000000000028e-02
8.931129999999999200e+03 -1.000000000000000021e-03
8.943229999999999563e+03 7.199999999999999456e-02
8.955340000000000146e+03 1.250000000000000000e-01
8.967479999999999563e+03 8.899999999999999578e-02
8.979620000000000800e+03 1.799999999999999864e-02
8.991790000000000873e+03 9.199999999999999845e-02
9.003969999999999345e+03 6.700000000000000400e-02
9.016170000000000073e+03 1.199999999999999956e-01
9.028379999999999200e+03 5.700000000000000205e-02
9.040610000000000582e+03 2.199999999999999872e-02
9.052860000000000582e+03 7.699999999999999900e-02
9.065120000000000800e+03 -2.199999999999999872e-02
9.077409999999999854e+03 1.700000000000000122e-02
9.089700000000000728e+03 2.599999999999999881e-02
9.102020000000000437e+03 -2.000000000000000042e-02
9.114350000000000364e+03 -8.100000000000000255e-02
9.126700000000000728e+03 -6.700000000000000400e-02
9.139059999999999491e+03 -4.200000000000000261e-02
9.151440000000000509e+03 2.400000000000000050e-02
9.163840000000000146e+03 8.999999999999999320e-03
9.176250000000000000e+03 -8.300000000000000433e-02
9.188680000000000291e+03 -9.600000000000000200e-02
9.201129999999999200e+03 1.029999999999999943e-01
9.213600000000000364e+03 -2.000000000000000042e-03
9.226079999999999927e+03 8.799999999999999489e-02
9.238579999999999927e+03 6.300000000000000044e-02
9.251090000000000146e+03 -5.999999999999999778e-02
9.263620000000000800e+03 -2.000000000000000042e-02
9.276180000000000291e+03 8.000000000000000167e-02
9.288739999999999782e+03 1.260000000000000009e-01
9.301319999999999709e+03 4.100000000000000172e-02
9.313930000000000291e+03 8.500000000000000611e-02
9.326540000000000873e+03 9.700000000000000289e-02
9.339180000000000291e+03 9.400000000000000022e-02
9.351829999999999927e+03 5.299999999999999850e-02
9.364500000000000000e+03 7.399999999999999634e-02
9.377190000000000509e+03 3.899999999999999994e-02
9.389889999999999418e+03 4.299999999999999656e-02
9.402610000000000582e+03 3.300000000000000155e-02
9.415350000000000364e+03 -0.000000000000000000e+00
9.428100000000000364e+03 6.700000000000000400e-02
9.440879999999999200e+03 2.500000000000000139e-02
9.453670000000000073e+03 2.299999999999999961e-02
9.466469999999999345e+03 -5.899999999999999689e-02
9.479299999999999272e+03 -1.000000000000000021e-03
9.492139999999999418e+03 1.899999999999999953e-02
9.505000000000000000e+03 -1.700000000000000122e-02
9.517870000000000800e+03 5.000000000000000104e-03
9.530770000000000437e+03 -2.500000000000000139e-02
9.543680000000000291e+03 -2.500000000000000139e-02
9.556610000000000582e+03 -2.000000000000000042e-03
9.569559999999999491e+03 -1.000000000000000021e-03
9.582520000000000437e+03 -1.099999999999999936e-02
9.595500000000000000e+03 0.000000000000000000e+00
9.608500000000000000e+03 -8.999999999999999320e-03
9.621520000000000437e+03 -5.000000000000000104e-03
9.634549999999999272e+03 -8.000000000000000167e-03
9.647600000000000364e+03 -1.000000000000000021e-02
9.660670000000000073e+03 -4.000000000000000083e-03
9.673760000000000218e+03 -5.000000000000000104e-03
9.686870000000000800e+03 -7.000000000000000146e-03
9.699989999999999782e+03 -2.000000000000000042e-03
9.713129999999999200e+03 -2.000000000000000042e-03
9.726290000000000873e+03 -1.000000000000000021e-03
9.739459999999999127e+03 -0.000000000000000000e+00
9.752659999999999854e+03 -0.000000000000000000e+00
9.765870000000000800e+03 0.000000000000000000e+00
9.779100000000000364e+03 0.000000000000000000e+00
9.792350000000000364e+03 0.000000000000000000e+00
9.805620000000000800e+03 0.000000000000000000e+00
9.818899999999999636e+03 0.000000000000000000e+00
9.832200000000000728e+03 0.000000000000000000e+00
9.845520000000000437e+03 0.000000000000000000e+00
9.858860000000000582e+03 0.000000000000000000e+00
9.872209999999999127e+03 0.000000000000000000e+00
9.885590000000000146e+03 0.000000000000000000e+00
9.898979999999999563e+03 0.000000000000000000e+00
9.912389999999999418e+03 0.000000000000000000e+00
9.925819999999999709e+03 0.000000000000000000e+00
9.939270000000000437e+03 0.000000000000000000e+00
9.952729999999999563e+03 0.000000000000000000e+00
9.966209999999999127e+03 0.000000000000000000e+00
9.979719999999999345e+03 0.000000000000000000e+00
9.993239999999999782e+03 0.000000000000000000e+00
